header;Outline
0.1137255;0.08235294;0.1647059;1;
header;Hair
0.2588235;0.427451;0.8117648;1;
0.372549;0.6431373;0.8901961;1;
0.6235294;0.8313726;0.9176471;1;
header;Eyes
0.9529412;0.9647059;1;1;
0.454902;0.654902;0.8000001;1;
0.7137255;0.7529413;0.9568628;1;
0.1843137;0.3490196;0.5372549;1;
header;Skin
0.9058824;0.7568628;0.6117647;1;
0.8352942;0.5215687;0.4352942;1;
0.9254903;0.8196079;0.7450981;1;
0.7568628;0.3764706;0.2705882;1;
header;Clothing 1
0.3568628;0.3647059;0.4078432;1;
0.2392157;0.2392157;0.2901961;1;
0.482353;0.5058824;0.5529412;1;
header;Clothing 2
0.1215686;0;0.6039216;1;
0.09803922;0;0.3647059;1;
header;Clothing 3
0.1647059;0.1647059;0.2;1;
0.2392157;0.2666667;0.2901961;1;
0.3568628;0.3921569;0.4078432;1;
header;Clothing 4
0.5960785;0.6352941;0.8196079;1;
0.8666667;0.8784314;0.9333334;1;
0.282353;0.3137255;0.454902;1;
header;Accent 1
0.7294118;0.4431373;0.1960784;1;
0.9294118;0.6862745;0.2666667;1;
header;Accent 2
0.1686275;0.09803922;0.3647059;1;
0.3058824;0.1098039;0.5411765;1;
0.2;0.0627451;0.3254902;1;
header;Accent 3
0.09019608;0.08627451;0.3647059;1;
0.145098;0.172549;0.6039216;1;
0.1529412;0.1490196;0.3647059;1;
0.2509804;0.2666667;0.6039216;1;
header;Accent 4
0.2784314;0.1176471;0.4235294;1;
0.1803922;0.06666667;0.254902;1;'
header;Break