header;Outline
0.1137255;0.08235294;0.1647059;1;
header;Hair
0.6784314;0.3019608;0.4117647;1;
0.3843138;0.08627451;0.3019608;1;
0.9176471;0.6196079;0.3607843;1;
1;0.8509805;0.4509804;1;
header;Eyes
0.6901961;0.7294118;0.9215687;1;
0.8941177;0.9058824;0.9607844;1;
0.1490196;0.627451;0.7921569;1;
0.09803922;0.2941177;0.7176471;1;
0.3176471;0.02352941;0.345098;1;
header;Skin
0.8352942;0.5215687;0.4352942;1;
0.7568628;0.3764706;0.2705882;1;
0.9058824;0.7568628;0.6117647;1;
0.9254903;0.8196079;0.7450981;1;
header;Dress
0.1647059;0.2392157;0.5529412;1;
0.9450981;0.9450981;0.9450981;1;
0.5803922;0.6431373;1;1;
0.2784314;0.3647059;0.8509805;1;
0.3137255;0.3803922;0.7568628;1;
0.1843137;0.1372549;0.5686275;1;
0.2196079;0.2784314;0.6196079;1;
header;Boots
0.7333333;0.09803922;0.4980392;1;
0.172549;0.1568628;0.3176471;1;
0.3215686;0.2156863;0.3843138;1;
0.2078432;0.1882353;0.3607843;1;
0.5215687;0.8431373;0.172549;1;
header;Accent
0.6509804;0.6862745;0.8705883;1;
0.8666667;0.8784314;0.9333334;1;
0.8980393;0.1921569;0.3647059;1;
0.6705883;0.1607843;0.2862745;1;
0.1647059;0.2392157;0.5529412;1;
0.282353;0.3137255;0.454902;1;
header;Break