header;Outline
0.1294118;0.05490196;0.1137255;1;
header;Hair
0.8588236;0.8196079;0.8078432;1;
0.6352941;0.5960785;0.5921569;1;
0.345098;0.3058824;0.3058824;1;
0.9529412;0.9137256;0.9137256;1;
header;Eyes
0.8666667;0.8784314;0.9333334;1;
0.4156863;0.5490196;0.6117647;1;
0.3098039;0.3098039;0.3098039;1;
header;Skin
0.7568628;0.3764706;0.2705882;1;
0.8352942;0.5215687;0.4352942;1;
0.4588236;0.227451;0.2862745;1;
0.9058824;0.7568628;0.6117647;1;
0.9254903;0.8196079;0.7450981;1;
header;Clothing 1
0.1215686;0.1176471;0.2039216;1;
0.2156863;0.2117647;0.3019608;1;
0.5607843;0.6;0.8039216;1;
0.1372549;0.1333333;0.1882353;1;
0.3098039;0.2666667;0.2588235;1;
0.4431373;0.3921569;0.3843138;1;
header;Clothing 2
0.2352941;0.2117647;0.2352941;1;
0.3490196;0.3098039;0.3411765;1;
0.682353;0.7372549;0.7764707;1;
0.9882354;0.9764706;0.9490197;1;
header;Clothing 3
0.1960784;0.172549;0.2235294;1;
0.3176471;0.2980392;0.345098;1;
0.4941177;0.4784314;0.5176471;1;
0.1098039;0.1019608;0.1058824;1;
header;Accent
0.9921569;0.9882354;1;1;
0.07450981;0.05882353;0.09411766;1;
0.909804;0.7372549;0.1411765;1;
header;Break