header;
0;0;0;0
header;Hair
0.6666667;0.5921569;0.7764707;1
0.1882353;0.1372549;0.2666667;1
0.4078432;0.345098;0.5019608;1
0.909804;0.5529412;0.2784314;1
0.9843138;0.7137255;0.4509804;1
1;1;0.7372549;1
0.1490196;0.09411766;0.2392157;1
header;Eyes
0.1411765;0.1019608;0.2039216;1
0.5568628;0.6666667;0.8352942;1
0.8666667;0.8784314;0.9333334;1
0.3921569;0.5764706;0.8196079;1
0.654902;0.6627451;0.8196079;1
0.2784314;0.2470588;0.3294118;1
header;Skin
0.9686275;0.8627452;0.8509805;1
0.9019608;0.5764706;0.5372549;1
0.7568628;0.3764706;0.2705882;1
0.7607844;0.3529412;0.3058824;1
0.9843138;0.9019608;0.8941177;1
header;Wings
0.9058824;0.9176471;0.9686275;1
0.7098039;0.7176471;0.882353;1
header;Clothing 1
0.2862745;0.254902;0.3333333;1
0.9058824;0.5843138;0.3372549;1
0.2039216;0.1803922;0.2392157;1
0.4156863;0.2;0.03921569;1
1;1;0.7843138;1
0.1686275;0.1333333;0.227451;1
header;Clothing 2
0.4509804;0.3843138;0.5529412;1
0.6235294;0.6352941;0.8196079;1
0.8392158;0.854902;0.9411765;1
0.7176471;0.6352941;0.8352942;1
header;Tako
0.2;0.145098;0.2862745;1
0.4;0.3372549;0.4941177;1
0.9686275;0.4117647;0.4117647;1
0.6901961;0.6156863;0.8000001;1;
header;Ao
0.1647059;0.1372549;0.2117647;1
0.7607844;0.4705883;0.2509804;1
0.9647059;0.6470588;0.4039216;1
0.3333333;0.3019608;0.3882353;1
0.454902;0.4117647;0.5176471;1
0.6862745;0.2509804;0.3607843;1
0.6509804;0.5921569;0.5686275;1
header;Attack Effect
0.1019608;0.09411766;0.09411766;1
1;1;1;1
0.4666667;0.3490196;0.6470588;1
0.5019608;0.2392157;0.4941177;1;
0.7372549;0.4235294;0.7254902;1;
header;Break