header;Outline
0.1294118;0.05490196;0.1137255;1;
header;Hair
0.345098;0.1686275;0.1490196;1;
0.572549;0.3607843;0.3294118;1;
0.8431373;0.5803922;0.5411765;1;
header;Eyes
0.9019608;0.9137256;0.9686275;1;
0.8941177;0.4666667;0.3411765;1;
0.6509804;0.6862745;0.8705883;1;
0.2862745;0.1254902;0.1607843;1;
header;Skin
0.8352942;0.5215687;0.4352942;1;
0.9058824;0.7568628;0.6117647;1;
0.9529412;0.8588236;0.7921569;1;
0.7568628;0.3764706;0.2705882;1;
header;Clothing 1
0.4784314;0.6196079;0.7176471;1;
0.8666667;0.8784314;0.9333334;1;
0.5450981;0.6862745;0.7843138;1;
0.282353;0.3686275;0.454902;1;
header;Clothing 2
0.9647059;0.8078432;0.3843138;1;
0.8392158;0.5686275;0.2745098;1;
0.627451;0.3254902;0.09019608;1;
header;Clothing 3
0.2745098;0.2235294;0.3607843;1;
header;Accent 1
0.4862745;0.1176471;0.1764706;1;
0.7803922;0.2627451;0.3215686;1;
header;Accent 2
0.4078432;0.6745098;0.7294118;1;
0.1176471;0.4627451;0.4862745;1;
header;Break