header;Outline
0.09019608;0.05490196;0.1490196;1;
header;Hair
0.6745098;0.6196079;0.7764707;1;
0.4470589;0.02352941;0.1960784;1;
0.9686275;0.9529412;1;1;
0.7686275;0.06666667;0.3411765;1;
0.9294118;0.7450981;0.8078432;1;
header;Eyes
1;1;1;1;
0.3647059;0.7490196;0.4431373;1;
0.4431373;0.0509804;0.2431373;1;
0.1137255;0.08235294;0.1647059;1;
0.6705883;0.7333333;0.7725491;1;
0.7490196;0.2352941;0.4862745;1;
0.3843138;0.2862745;0.08235294;1;
header;Skin
0.6078432;0.5490196;0.6470588;1;
0.3137255;0.2980392;0.3294118;1;
0.4705883;0.4470589;0.4901961;1;
0.8588236;0.8313726;0.8980393;1;
0.4117647;0.3647059;0.4470589;1;
header;Dress
0.9333334;0.6039216;0.7137255;1;
0.7333333;0.2901961;0.4352942;1;
0.254902;0.2588235;0.3294118;1;
0.145098;0.1333333;0.1921569;1;
0.1843137;0.1372549;0.1803922;1;
0.2470588;0.1960784;0.2470588;1;
0.5686275;0.3176471;0.4039216;1;
0.9411765;0.7411765;0.8078432;1;
header;Shoes
0.5411765;0.05490196;0.06666667;1;
0.854902;0.1294118;0.1607843;1;
0.1137255;0.09411766;0.1882353;1;
0.2156863;0.2235294;0.3215686;1;
0.6980392;0.7019608;0.764706;1;
header;Accent 1
0.7686275;0.7568628;0.7960785;1;
0.2901961;0.254902;0.3176471;1;
header;Accent 2
0.7686275;0.1294118;0.2352941;1;
0.4470589;0.05490196;0.1176471;1;
0.282353;0.01960784;0.0627451;1;
header;Accent 3
0.5333334;0.5254902;0.5490196;1;
0.8078432;0.7960785;0.8235295;1;
0.1607843;0.09019608;0.1137255;1;
0.3333333;0.3254902;0.3411765;1;
header;Break