header;Outline
0.0627451;0.04705883;0.06666667;1
header;Hair
0.345098;0.1490196;0.1921569;1
0.5176471;0.3176471;0.3058824;1
0.7450981;0.4941177;0.4431373;1
0.1058824;0.0509804;0.0627451;1
header;Eyes
0.4745098;0.5137255;0.9882354;1
0.1215686;0.1333333;0.4627451;1
0.8666667;0.8784314;0.9333334;1
0.2588235;0.427451;0.8117648;1
0.6509804;0.6862745;0.8705883;1
header;Skin
0.7568628;0.3764706;0.2705882;1
0.9058824;0.7568628;0.6117647;1
0.9529412;0.8588236;0.7921569;1
0.8352942;0.5215687;0.4352942;1
0.8666667;0.5843138;0.4784314;1
0.9254903;0.8196079;0.7450981;1
header;Clothing 1
0.172549;0.2196079;0.627451;1
0.282353;0.3490196;0.9254903;1
0.06666667;0.05882353;0.5019608;1
header;Clothing 2
0.1137255;0.08235294;0.1647059;1
0.1372549;0.1137255;0.5803922;1
0.1764706;0.1843137;0.4078432;1
0.2509804;0.2627451;0.5137255;1
header;Clothing 3
0.6666667;0.682353;0.9176471;1
0.937255;0.937255;0.9843138;1
0.282353;0.3137255;0.454902;1
header;Accent 1
0.9411765;0.6509804;0.1490196;1
1;0.8705883;0.6392157;1
header;Accent 2
0.5254902;0.09019608;0.1843137;1
0.7215686;0.09019608;0.2196079;1
0.9882354;0.2196079;0.3803922;1
header;Break