0.1137255;0.08235294;0.1647059;1;
0.5960785;0.3137255;0.227451;1;
0.8078432;0.4117647;0.1176471;1;
0.9607844;0.5294118;0.1372549;1;
0.9647059;0.8078432;0.3843138;1;
0.8745099;0.2392157;0.2235294;1;
0.6901961;0.1882353;0.2313726;1;
1;1;1;1;
0.6509804;0.6862745;0.8705883;1;
0.345098;0.0627451;0.482353;1;
0.7568628;0.3764706;0.2705882;1;
0.8352942;0.5215687;0.4352942;1;
0.4588236;0.227451;0.2862745;1;
0.9058824;0.7568628;0.6117647;1;
0.9254903;0.8196079;0.7450981;1;
0.6509804;0.5490196;0.482353;1;
0.8392158;0.7803922;0.7058824;1;
0.9803922;0.9803922;0.9725491;1;
0.1882353;0.1882353;0.2196079;1;
0.2509804;0.2509804;0.282353;1;
0.345098;0.345098;0.3764706;1;
0.7294118;0.5490196;0.2156863;1;
0.509804;0.145098;0.2431373;1;
0.7960785;0.227451;0.2470588;1;
0.372549;0.1333333;0.2588235;1;
0.3215686;0.1333333;0.2588235;1;
0.7058824;0.3411765;0.5019608;1;
0.5529412;0.282353;0.4;1;
0.1529412;0.1529412;0.1803922;1;
0.2313726;0.2313726;0.2588235;1;
0.3215686;0.3215686;0.3490196;1;
0.282353;0.2156863;0.3568628;1;
0.4235294;0.2745098;0.482353;1;
0.5843138;0.4;0.5803922;1;
0;0;0;0
0;0;0;0
0;0;0;0
0;0;0;0
0;0;0;0
0;0;0;0
0;0;0;0
0;0;0;0
0;0;0;0
0;0;0;0
0;0;0;0
0;0;0;0
0;0;0;0
0;0;0;0
