0.1647059;0.08235294;0.1607843;1;
0.9568628;0.9176471;0.9254903;1;
0.7568628;0.6196079;0.627451;1;
0.4941177;0.4156863;0.4352942;1;
1;0.6431373;0.4039216;1;
0.8039216;0.2117647;0.2470588;1;
0.6509804;0.6862745;0.8705883;1;
0.4431373;0.1803922;0.345098;1;
0.8352942;0.5215687;0.4352942;1;
0.9058824;0.7568628;0.6117647;1;
0.7568628;0.3764706;0.2705882;1;
0.9607844;0.8509805;0.7882354;1;
0.9529412;0.8588236;0.7921569;1;
0.1960784;0.1529412;0.2784314;1;
0.3411765;0.2666667;0.3960785;1;
0.3607843;0.2235294;0.3568628;1;
0.5529412;0.0509804;0.2470588;1;
0.7529413;0.1372549;0.3803922;1;
0.3686275;0.02745098;0.0509804;1;
0.2392157;0.2117647;0.4901961;1;
0.1490196;0.1333333;0.2862745;1;
0.1607843;0.1568628;0.2862745;1;
0.5607843;0.0509804;0.08235294;1;
0.7529413;0.1372549;0.172549;1;
0.9843138;0.2431373;0.282353;1;
0.5960785;0.6352941;0.8196079;1;
0.8666667;0.8784314;0.9333334;1;
0.2745098;0.2235294;0.3607843;1;
0.3529412;0.3882353;0.5450981;1;
0.627451;0.3254902;0.09019608;1;
0.8392158;0.5686275;0.2745098;1;
0.9647059;0.8078432;0.3843138;1;
0;0;0;0
0;0;0;0
0;0;0;0
0;0;0;0
0;0;0;0
0;0;0;0
0;0;0;0
0;0;0;0
0;0;0;0
0;0;0;0
0;0;0;0
0;0;0;0
0;0;0;0
0;0;0;0
0;0;0;0
0;0;0;0
