0.07450981;0.05882353;0.1019608;1;
0.3137255;0.3058824;0.4352942;1;
0.5411765;0.5764706;0.7411765;1;
0.9607844;0.9647059;0.9882354;1;
0.3529412;0.3686275;0.4509804;1;
0.3607843;0.3960785;0.5490196;1;
0.1764706;0.5882353;0.5137255;1;
0.9607844;0.9686275;1;1;
0.09411766;0.4588236;0.3921569;1;
0.6509804;0.6862745;0.8705883;1;
0.03529412;0.02352941;0.0509804;1;
0.8352942;0.5215687;0.4352942;1;
0.9176471;0.7450981;0.6078432;1;
0.7764707;0.3607843;0.2745098;1;
0.7568628;0.3764706;0.2705882;1;
0.9058824;0.7568628;0.6117647;1;
0.9529412;0.8588236;0.7921569;1;
0.7725491;0.4235294;0.2980392;1;
0.9254903;0.8196079;0.7450981;1;
0.2745098;0.2235294;0.3607843;1;
0.3686275;0.3058824;0.4745098;1;
0.1137255;0.08235294;0.1647059;1;
0.1960784;0.1607843;0.2588235;1;
0.5960785;0.6352941;0.8196079;1;
0.8666667;0.8784314;0.9333334;1;
0.282353;0.3137255;0.454902;1;
0.3686275;0.4235294;0.5490196;1;
0.145098;0.1254902;0.1803922;1;
0.1176471;0.2941177;0.4862745;1;
0.2627451;0.6235294;0.7803922;1;
0;0;0;0
0;0;0;0
0;0;0;0
0;0;0;0
0;0;0;0
0;0;0;0
0;0;0;0
0;0;0;0
0;0;0;0
0;0;0;0
0;0;0;0
0;0;0;0
0;0;0;0
0;0;0;0
0;0;0;0
0;0;0;0
0;0;0;0
0;0;0;0
